000000000000000000000000000000
000000000000000000000000000000
000000000000000000000000000000
000000000000000000000000000000
000000000000000000000000000000
000000000000000000000000000000
000000000000000000000000000000
000000000000000000000000000000
000000000000000100000000000000
000000000000000100000000000000
000000000000000100000000000000
000000000000000000000000000000
000000000000000000000000000000
000000000000000000000000000000
000000000000000000000000000000
000000000000000000000000000000
000000000000000100000000000000
000000000000001010000000000000
000000000000001110000000000000
000000000000000100000000000000
000000000000000000000000000000
000000000000110001100000000000
000000011000110001100011000000
000000010100000000000101000000
000000001100000000000110000000
000000000000000000000000000000
000000000000000000000000000000
000000000000000000000000000000
000000000000000000000000000000
000000000000000000000000000000
